0.09592116, 0.13959841
0.8430822, 1.0514727, 1.6847856, 1.8232118
0.2225761, 0.47597206, 0.51707804, 1.2830625, 1.5618145, 1.7547042





0.07071168, 0.05410043
0.20879653, 0.38474685, 0.4577098, 0.5797639
0.46306446, 0.67278945, 1.2235533, 1.7359929, 1.9082364, 1.9529121

0.08537957, 0.05589003
0.10597046, 0.3128661, 0.3235362, 0.65044856
0.38178083, 1.3946191, 1.5324458, 1.5556085, 1.6136117, 1.6995171


0.06523348, 0.07468652
0.28586143, 0.39115074, 0.4956793, 0.7498095
1.0640997, 1.5869615, 1.6286353, 1.7567422, 1.8861172, 1.921272

0.069362335, 0.058544364
0.16861516, 0.40087134, 0.49102706, 1.4379169
0.12149448, 0.20076318, 0.3692379, 1.5366995, 1.9186283, 1.9449266

0.09641422, 0.09487324
0.04032857, 0.49659106, 0.5198071, 1.4106808
0.43539184, 0.523282, 0.53500515, 0.5514086, 0.5574858, 1.6269593


0.05778399, 0.04050392
0.2717915, 0.5242511, 1.4140861, 1.6999923
0.09008136, 0.20853886, 0.46168262, 0.5029902, 1.8377259, 1.8640945

0.07439784, 0.08640735
0.13060886, 0.5250461, 1.2263749, 1.7707202
0.07906281, 1.666969, 1.6843622, 1.8832203, 1.9594915, 1.9711796

0.19497563, 0.08759125
0.20939058, 0.30489168, 0.36484444, 0.73283994
0.40653235, 0.74683654, 0.96897554, 1.5847089, 1.7731359, 1.8264141

0.16691105, 0.053313363
0.22616367, 0.45130005, 0.71262765, 1.7224656
1.2675463, 1.6313581, 1.7501457, 1.9025289, 1.9350634, 1.9706204

0.103653215, 0.059825458
0.073083244, 0.6409819, 0.78123134, 0.97044873
0.3960335, 0.9940655, 1.3326981, 1.7273611, 1.8640571, 1.9656022

0.122080766, 0.13997677
0.2909658, 1.1735742, 1.227665, 1.5803146
0.4882278, 1.4292443, 1.6302617, 1.8076308, 1.899768, 1.9612693

0.034783687, 0.15213726
0.24908273, 1.8310982, 1.8594325, 1.8783416
0.3551858, 0.36014962, 0.556485, 0.7739906, 1.7121412, 1.9036441


0.052950706, 0.11150996
0.13277514, 0.65709704, 1.6103811, 1.644661
0.120499, 0.22886688, 1.837302, 1.8799886, 1.8965703, 1.902924



0.14392422, 0.19735642
0.44853744, 0.6877578, 1.9268782, 1.9619106
0.1638503, 0.34573102, 0.8449483, 1.1394663, 1.2654061, 1.496955


0.17781574, 0.18376401
0.36464712, 0.47260618, 1.1597595, 1.1645958
0.38921672, 0.52740484, 0.5346863, 0.5564234, 1.0747365, 1.5626271

0.18910663, 0.036785305
0.42179543, 1.0434171, 1.2945772, 1.9514418
0.34747142, 0.4056628, 0.51817524, 0.5323343, 1.2857988, 1.3586832


0.12544076, 0.10031863
0.05161097, 1.859341, 1.9435394, 1.9512886
0.04891771, 0.23706612, 0.42965418, 0.5284385, 0.5579268, 1.7601682



0.06357262, 0.17686732
0.18226913, 1.5968429, 1.849542, 1.9321827
0.43533775, 0.50386184, 0.5297734, 0.5439162, 0.5478621, 1.0448426


0.09922314, 0.1603356
0.31916678, 1.0591085, 1.4662222, 1.506177
0.052292876, 0.4362484, 0.47034392, 0.5510751, 0.55986804, 0.626241

0.1606142, 0.17125635
0.19750543, 1.2588308, 1.8664194, 1.9013644
0.37181586, 0.5130123, 0.53147995, 0.53279954, 0.55099374, 0.5710705

0.09255488, 0.16867049
1.5575738, 1.7594632, 1.7678789, 1.817738
0.15507661, 0.49783587, 0.51654667, 0.5189127, 0.55283, 1.0464612

0.06093352, 0.14763166
0.9120536, 1.0756845, 1.8762581, 1.8841218
0.1950551, 0.2624607, 0.5286063, 0.64111143, 0.71714705, 1.838475


0.07516425, 0.10410893
0.07737489, 1.2566812, 1.8445258, 1.8930334
0.3094478, 0.3459391, 0.51786095, 0.54597116, 0.5505582, 0.5598161


0.05463164, 0.06305826
0.7498209, 1.7074864, 1.8937588, 1.9596483
0.11627569, 0.16529246, 0.30940026, 1.3605416, 1.7453033, 1.7775713

0.09951609, 0.06866141
0.06025562, 0.40906858, 1.8911678, 1.9074067
0.24722812, 0.30519557, 0.49208456, 1.2558116, 1.7462139, 1.7850108


0.039376747, 0.14876835
0.10923843, 1.5425882, 1.6771574, 1.9626873
0.3458737, 0.4334211, 0.56355417, 0.77399516, 0.83525234, 1.2674489